Year,Argentina,Australia,Brazil,Canada,China,France,Germany,India,Indonesia,Italy,Japan,Mexico,Russia,Saudi Arabia,South Africa,South Korea,Turkey,United Kingdom,United States,European Union
1980,8361.209,11009.307,1203.615,11281.422,306.98,13069.505,11109.741,267.167,673.239,8496.811,9671.891,3557.305,,19543.4,3074.684,1714.62,2133.685,10734.896,12552.943,8551.639
1981,6671.428,12530.468,1353.019,12396.666,288.491,11456.04,9329.591,270.951,736.992,7693.059,10586.565,4461.156,,20846.234,3122.686,1883.456,2113.068,10439.364,13948.701,7525.546
1982,3257.853,12236.781,1415.339,12543.938,279.971,10822.037,9014.978,274.332,741.946,7596.908,9782.384,3162.5,,16507.688,2806.158,1992.29,1876.637,9936.331,14404.994,7271.923
1983,3962.735,11593.889,1110.691,13493.198,296.509,10292.761,9025.206,292.585,659.474,7878.146,10655.278,2519.488,,13252.612,3062.892,2198.939,1753.332,9463.11,15513.679,7090.117
1984,4374.783,12577.14,1082.233,13947.358,301.111,9697.432,8537.765,277.683,672.201,7783.391,11210.553,2904.686,,11687.983,2633.905,2413.291,1668.464,8951.397,17086.441,6811.605
1985,3248.745,10969.385,1682.789,14185.922,292.99,10108.561,8678.853,299.291,658.217,8034.389,11813.077,3015.01,,9666.717,1955.165,2482.4,1835.181,9498.885,18199.32,7000.013
1986,3857.027,11247.057,1913.312,14539.75,279.908,13947.316,12387.01,311.323,610.234,11377.32,17457.128,2043.27,,7698.924,2176.064,2834.888,1983.05,11555.907,19034.766,9572.725
1987,3909.984,13000.737,2042.86,16408.139,299.842,16793.955,15411.529,341.864,562.902,14280.593,21148.433,2194.692,,7221.944,2801.31,3554.62,2260.66,14331.774,20000.968,11705.067
1988,4524.498,16248.647,2240.525,19041.182,368.079,18240.997,16514.654,353.207,621.934,15817.576,25506.196,2631.484,,7083.156,2954.825,4748.676,2333.225,17388.88,21375.999,12891.148
1989,2867.307,18206.38,3021.975,20842.455,406.534,18236.767,16232.121,347.464,696.874,16439.473,25274.391,3144.69,,7287.351,3004.44,5817.065,2707.896,17653.75,22814.077,13071.482
1990,4857.796,18874.398,3108.808,21572.137,346.873,22490.289,20249.138,368.75,770.757,20500.667,25809.747,3640.26,,8562.256,3425.585,6609.985,3738.161,20913.04,23847.977,15991.454
1991,6429.454,18669.073,2717.508,21885.57,356.759,22406.387,23453.063,303.85,847.573,21636.193,29436.976,4281.697,,9143.216,3587.879,7637.199,3691.37,21738.274,24302.776,16961.556
1992,7653.711,18117.087,2561.124,20984.778,420.025,24590.746,26538.126,317.56,907.767,22947.484,32007.81,4873.452,482.052,9242.614,3802.578,8126.451,3818.769,22394.494,25392.931,18204.888
1993,7796.24,17455.632,2828.455,20210.452,520.966,23082.715,25602.881,301.5,1013.057,18437.044,36362.624,5933.292,1321.756,8740.69,3716.193,8886.386,4261.644,20015.28,26364.192,16315.753
1994,8378.735,19748.8,3547.02,20024.581,468.658,24262.184,27233.717,346.227,1115.613,19009.467,39953.203,6086.828,1979.465,8663.638,3786.21,10381.18,3026.717,21460.02,27674.021,17285.459
1995,8295.123,20921.817,4923.871,20706.725,603.526,27741.294,31829.61,373.627,1254.023,20675.32,44210.234,4109.778,2263.016,8957.462,4145.21,12565.033,3880.859,23171.12,28671.48,19552.676
1996,8645.455,23172.288,5281.678,21325.69,703.06,27720.861,30664.393,399.583,1394.497,23094.382,39164.322,4597.153,2785.404,9666.916,3869.7,13402.925,4099.228,24432.614,29946.973,19842.214
1997,9196.516,23036.829,5399.969,21930.485,774.91,25028.466,27170.747,414.926,1308.114,21858.45,35651.27,5484.708,2932.113,9858.952,3937.658,12416.754,4221.923,26772.972,31440.087,18201.04
1998,9283.175,20394.935,5199.453,21046.556,820.903,25818.37,27528.158,412.536,572.09,22348.051,32436.929,5759.186,1948.059,8512.488,3508.14,8271.412,4384.471,28283.064,32833.666,18744.735
1999,8709.072,21780.066,3567.631,22340.553,865.236,25550.782,26984.243,440.962,829.574,22029.702,36622.892,6435.62,1424.156,9144.561,3423.595,10666.862,4020.272,28768.448,34496.241,18628.006
2000,8638.543,20910.76,3864.917,24296.721,951.163,23212.45,23924.876,442.036,870.154,20153.083,39172.971,7467.739,1898.155,10448.532,3382.066,12263.471,4237.961,28337.638,36312.782,17066.183
2001,8085.356,19498.339,3256.18,23859.77,1044.958,23245.258,23869.773,449.91,834.139,20505.923,34410.68,7902.129,2250.201,9898.261,2964.029,11563.04,3082.899,27916.906,37101.453,17303.547
2002,2997.621,21702.46,2926.341,24279.8,1141.14,25137.402,25460.334,468.845,1002.907,22386.262,32832.296,7934.694,2546.779,9937.388,2791.18,13159.675,3617.23,30127.493,37945.761,18868.081
2003,3761.088,27303.124,3165.195,28340.085,1282.21,30682.636,30668.849,543.845,1186.465,27580.477,35410.229,7390.343,3190.609,11027.901,4209.22,14672.418,4684.698,34480.168,39405.354,23119.13
2004,4314.098,32871.417,3750.129,32178.496,1499.712,35016.219,34534.814,624.108,1279.721,31342.833,38307.103,7806.561,4395.83,12891.306,5415.089,16482.75,6015.665,40410.653,41641.617,26484.173
2005,5163.55,36256.077,4938.537,36440.967,1751.368,36057.117,35020.197,710.512,1404.348,32031.448,37819.107,8626.151,5697.621,15943.392,6033.211,19398.494,7350.887,42143.874,44034.256,27544.483
2006,5976.082,37976.196,6066.958,40559.017,2095.239,37795.916,36894.468,802.014,1765.794,33448.063,36021.9,9456.912,7416.297,17827.359,6276.173,21730.952,7961.078,44589.681,46216.853,29295.931
2007,7315.726,45205.282,7572.61,44717.074,2691.048,43060.031,42299.862,1022.732,2064.003,37828.364,35847.232,10063.621,9757.472,19196.033,6776.465,24083.338,9640.571,50419.848,47943.353,33836.592
2008,9146.79,49205.307,9096.943,46773.744,3446.695,47155.211,46367.716,993.503,2416.785,40818.96,39992.06,10438.499,12463.807,23403.614,6355.879,21387.709,10778.131,47884.16,48470.553,37343.517
2009,8337.811,45778.86,8851.059,40989.278,3813.408,43190.972,42338.844,1096.637,2469.384,36982.806,41469.773,8346.772,9160.112,18836.932,6552.265,19139.732,8941.404,38892.333,47102.428,33722.595
2010,10412.974,56591.468,11578.7,47625.742,4499.803,42178.577,42379.71,1350.634,3177.453,35815.593,45135.796,9632.818,11432.428,22028.346,8130.193,23077.161,10533.45,39641.869,48586.288,33260.767
2011,12787.806,67288.507,13631.421,52285.815,5553.242,45419.973,46697.376,1449.604,3690.097,38276.057,48760.915,10554.35,14315.938,26966.315,8799.477,25100.188,11221.402,42106.64,50008.108,35928.191
2012,13889.792,68485.597,12782.844,52745.057,6282.709,42372.071,43883.393,1434.018,3739.917,34743.751,49175.035,10631.077,15303.447,28348.593,8207.059,25459.168,11637.915,42501.709,51736.738,33338.852
2013,14488.829,65250.621,12752.255,52711.32,7039.574,44144.638,46299.227,1438.057,3667.435,35534.99,40934.756,11099.184,15946.458,27290.198,7458.04,27179.519,12488.968,43469.644,53363.904,34762.968
2014,13208.831,61658.696,12601.257,51025.428,7645.875,44616.455,48035.95,1559.864,3532.669,35836.183,38522.771,11272.395,14024.384,27079.664,6984.926,29252.933,12079.287,47468.211,55263.817,35535.755
2015,14895.316,51471.651,9182.996,43628.425,8034.287,37937.861,41107.096,1590.174,3368.134,30463.696,35005.662,9915.089,9266.725,22453.563,6256.667,28737.439,10973.586,44978.619,57006.926,30698.19
2016,12772.868,51829.835,9117.558,42382.499,8063.446,38348.507,42124.196,1714.28,3604.99,31190.794,39411.424,8999.57,8731.195,21515.651,5750.785,29274.232,10891.19,41114.514,58179.697,31380.995
2017,14618.327,55842.751,10419.575,45192.368,8760.259,40134.128,44636.833,1957.97,3885.967,32648.756,38903.298,9542.783,10726.771,23081.196,6678.292,31600.735,10628.898,40617.562,60292.978,33313.472
2018,11786.433,56434.012,9629.603,46617.97,9848.949,43060.59,47961.181,1974.378,3945.583,34917.563,39850.331,9970.967,11257.881,28036.044,6991.709,33447.155,9514.047,43275.096,63165.278,36020.023
2019,9941.59,54395.694,9364.237,46430.975,10170.061,41924.837,46810.283,2050.163,4192.768,33628.161,40547.967,10259.746,11554.009,27892.807,6622.629,31902.415,9145.817,42712.614,65504.783,35289.8
2020,8489.332,53252.586,7344.529,43573.195,10525.001,40529.093,46711.984,1915.552,3919.465,31788.997,40171.929,8742.217,10160.571,23271.404,5672.278,31728.306,8612.903,40245.884,64367.435,34515.642
2021,10639.378,64327.187,8269.709,52520.512,12572.071,45161.226,51460.987,2250.179,4358.187,36401.883,40114.287,10180.182,12635.953,28396.086,6983.509,35125.524,9663.877,46704.465,70995.794,38949.72
2022,13640.41,65574.862,9612.062,55612.897,12642.847,42306.085,48756.309,2366.31,4799.1,35043.092,34004.657,11259.75,15487.696,34454.212,6684.479,32394.683,10621.965,45730.102,77191.871,37658.635
2023,14024.239,65434.328,10642.437,53547.719,12513.871,46000.803,52726.965,2500.356,4942.361,38325.839,33805.939,13641.613,13647.814,32529.702,6138.248,33192.046,12849,49098.977,81632.253,41129.053
